1
2
3
4
5|6
7|8
8|9|10|11|12
9|10|11|12|13
9|10|11|12|14
9|10|11|12|15
9|10|11|12|16
9|10|11|12|17
8|9|10|18
9|10|13|18
9|10|14|18
9|10|15|18
9|10|16|18
9|10|17|18
8|9|10|11|19
9|10|11|13|19
9|10|11|14|19
9|10|11|15|19
9|10|11|16|19
9|10|11|17|19
8|9|11|12|20
9|11|12|13|20
9|11|12|14|20
9|11|12|15|20
9|11|12|16|20
9|11|12|17|20
8|9|18|20
9|13|18|20
9|14|18|20
9|15|18|20
9|16|18|20
9|17|18|20
5|8|11|12
5|11|12|13
5|11|12|14
5|11|12|15|20
5|10|11|12|15
5|11|12|16
5|11|12|17
5|8|11|19
5|11|13|19
5|11|14|19
5|11|15|19
5|11|16|19
5|11|17|19
5|8|11|21
5|11|13|21
5|11|14|21
5|11|15|21
5|11|16|21
5|11|17|21
5|8|18
5|13|18
5|14|18
5|10|15|18
5|15|18|20
5|16|18
5|17|18
8|9|11|19|20
9|11|13|19|20
9|11|14|19|20
9|11|15|19|20
9|11|16|19|20
9|11|17|19|20
9|10|11|12|22
8|9|10|11|21
9|10|11|13|21
9|10|11|14|21
9|10|11|15|21
9|10|11|16|21
9|10|11|17|21
9|11|12|20|22
9|11|20|22|23
24|25|26
8|9|11|19
9|11|13|19
9|11|14|19
9|11|15|19
9|11|16|19
9|11|17|19
8|9|18
9|13|18
9|14|18
9|15|18
9|16|18
9|17|18
27|28|29|30
11|12|27|28|29|31
11|19|27|28|29|31
11|21|27|28|29|31
18|27|28|29|31
18|27|28|29|32|33
11|27|28|29|32|34
11|27|28|29|32|35
11|27|28|29|32|33
18|27|28|29|32|34
18|27|28|29|32|35
18|27|28|29|33|36
11|27|28|29|34|36
11|27|28|29|35|36
11|27|28|29|33|36
18|27|28|29|34|36
18|27|28|29|35|36
11|27|28|29|37
18|27|28|29|37
8|11|12|28|29|31|38|39
11|12|13|28|29|31|38|39
11|12|14|28|29|31|38|39
11|12|15|20|28|29|31|38|39
10|11|12|15|28|29|31|38|39
11|12|16|28|29|31|38|39
11|12|17|28|29|31|38|39
11|12|28|29|31|38|39|40
11|19|28|29|31|38|39|40
11|21|28|29|31|38|39|40
18|28|29|31|38|39|40
8|11|19|28|29|31|38|39
11|13|19|28|29|31|38|39
11|14|19|28|29|31|38|39
11|15|19|28|29|31|38|39
11|16|19|28|29|31|38|39
11|17|19|28|29|31|38|39
8|11|21|28|29|31|38|39
11|13|21|28|29|31|38|39
11|14|21|28|29|31|38|39
11|15|21|28|29|31|38|39
11|16|21|28|29|31|38|39
11|17|21|28|29|31|38|39
8|18|28|29|31|38|39
13|18|28|29|31|38|39
14|18|28|29|31|38|39
10|15|18|28|29|31|38|39
15|18|20|28|29|31|38|39
16|18|28|29|31|38|39
17|18|28|29|31|38|39
8|11|12|28|29|31|38
11|12|13|28|29|31|38
11|12|14|28|29|31|38
11|12|15|20|28|29|31|38
10|11|12|15|28|29|31|38
11|12|16|28|29|31|38
11|12|17|28|29|31|38
8|11|19|28|29|31|38
11|13|19|28|29|31|38
11|14|19|28|29|31|38
11|15|19|28|29|31|38
11|16|19|28|29|31|38
11|17|19|28|29|31|38
8|11|21|28|29|31|38
11|13|21|28|29|31|38
11|14|21|28|29|31|38
11|15|21|28|29|31|38
11|16|21|28|29|31|38
11|17|21|28|29|31|38
8|18|28|29|31|38
13|18|28|29|31|38
14|18|28|29|31|38
10|15|18|28|29|31|38
15|18|20|28|29|31|38
16|18|28|29|31|38
17|18|28|29|31|38
8|11|12|28|29|32|38|39
11|12|13|28|29|32|38|39
11|12|14|28|29|32|38|39
11|12|15|20|28|29|32|38|39
10|11|12|15|28|29|32|38|39
11|12|16|28|29|32|38|39
11|12|17|28|29|32|38|39
11|12|28|29|32|38|39|40
11|19|28|29|32|38|39|40
11|21|28|29|32|38|39|40
18|28|29|32|38|39|40
8|11|19|28|29|32|38|39
11|13|19|28|29|32|38|39
11|14|19|28|29|32|38|39
11|15|19|28|29|32|38|39
11|16|19|28|29|32|38|39
11|17|19|28|29|32|38|39
8|11|21|28|29|32|38|39
11|13|21|28|29|32|38|39
11|14|21|28|29|32|38|39
11|15|21|28|29|32|38|39
11|16|21|28|29|32|38|39
11|17|21|28|29|32|38|39
8|18|28|29|32|38|39
13|18|28|29|32|38|39
14|18|28|29|32|38|39
10|15|18|28|29|32|38|39
15|18|20|28|29|32|38|39
16|18|28|29|32|38|39
17|18|28|29|32|38|39
8|11|12|28|29|32|38
11|12|13|28|29|32|38
11|12|14|28|29|32|38
11|12|15|20|28|29|32|38
10|11|12|15|28|29|32|38
11|12|16|28|29|32|38
11|12|17|28|29|32|38
8|11|19|28|29|32|38
11|13|19|28|29|32|38
11|14|19|28|29|32|38
11|15|19|28|29|32|38
11|16|19|28|29|32|38
11|17|19|28|29|32|38
8|11|21|28|29|32|38
11|13|21|28|29|32|38
11|14|21|28|29|32|38
11|15|21|28|29|32|38
11|16|21|28|29|32|38
11|17|21|28|29|32|38
8|18|28|29|32|38
13|18|28|29|32|38
14|18|28|29|32|38
10|15|18|28|29|32|38
15|18|20|28|29|32|38
16|18|28|29|32|38
17|18|28|29|32|38
29|31|41|42
29|32|41|43
27|30|43|44|45
11|12|27|31|43|44|45
11|19|27|31|43|44|45
11|21|27|31|43|44|45
18|27|31|43|44|45
18|27|32|33|43|44|45
11|27|32|34|43|44|45
11|27|32|35|43|44|45
11|27|32|33|43|44|45
18|27|32|34|43|44|45
18|27|32|35|43|44|45
11|27|37|43|44|45
18|27|37|43|44|45
32|41|43|44|45
8|11|12|31|38|43|44|45
11|12|13|31|38|43|44|45
11|12|14|31|38|43|44|45
11|12|15|20|31|38|43|44|45
10|11|12|15|31|38|43|44|45
11|12|16|31|38|43|44|45
11|12|17|31|38|43|44|45
8|11|19|31|38|43|44|45
11|13|19|31|38|43|44|45
11|14|19|31|38|43|44|45
11|15|19|31|38|43|44|45
11|16|19|31|38|43|44|45
11|17|19|31|38|43|44|45
8|11|21|31|38|43|44|45
11|13|21|31|38|43|44|45
11|14|21|31|38|43|44|45
11|15|21|31|38|43|44|45
11|16|21|31|38|43|44|45
11|17|21|31|38|43|44|45
8|18|31|38|43|44|45
13|18|31|38|43|44|45
14|18|31|38|43|44|45
10|15|18|31|38|43|44|45
15|18|20|31|38|43|44|45
16|18|31|38|43|44|45
17|18|31|38|43|44|45
8|11|12|32|38|43|44|45
11|12|13|32|38|43|44|45
11|12|14|32|38|43|44|45
11|12|15|20|32|38|43|44|45
10|11|12|15|32|38|43|44|45
11|12|16|32|38|43|44|45
11|12|17|32|38|43|44|45
8|11|19|32|38|43|44|45
11|13|19|32|38|43|44|45
11|14|19|32|38|43|44|45
11|15|19|32|38|43|44|45
11|16|19|32|38|43|44|45
11|17|19|32|38|43|44|45
8|11|21|32|38|43|44|45
11|13|21|32|38|43|44|45
11|14|21|32|38|43|44|45
11|15|21|32|38|43|44|45
11|16|21|32|38|43|44|45
11|17|21|32|38|43|44|45
8|18|32|38|43|44|45
13|18|32|38|43|44|45
14|18|32|38|43|44|45
10|15|18|32|38|43|44|45
15|18|20|32|38|43|44|45
16|18|32|38|43|44|45
17|18|32|38|43|44|45
27|28|30|44|45
11|12|27|28|31|44|45
11|19|27|28|31|44|45
11|21|27|28|31|44|45
18|27|28|31|44|45
18|27|28|32|33|44|45
11|27|28|32|34|44|45
11|27|28|32|35|44|45
11|27|28|32|33|44|45
18|27|28|32|34|44|45
18|27|28|32|35|44|45
18|27|28|33|36|44|45
11|27|28|34|36|44|45
11|27|28|35|36|44|45
11|27|28|33|36|44|45
18|27|28|34|36|44|45
18|27|28|35|36|44|45
11|27|28|37|44|45
18|27|28|37|44|45
31|41|42|44|45
8|11|12|28|31|38|44|45
11|12|13|28|31|38|44|45
11|12|14|28|31|38|44|45
11|12|15|20|28|31|38|44|45
10|11|12|15|28|31|38|44|45
11|12|16|28|31|38|44|45
11|12|17|28|31|38|44|45
8|11|19|28|31|38|44|45
11|13|19|28|31|38|44|45
11|14|19|28|31|38|44|45
11|15|19|28|31|38|44|45
11|16|19|28|31|38|44|45
11|17|19|28|31|38|44|45
8|11|21|28|31|38|44|45
11|13|21|28|31|38|44|45
11|14|21|28|31|38|44|45
11|15|21|28|31|38|44|45
11|16|21|28|31|38|44|45
11|17|21|28|31|38|44|45
8|18|28|31|38|44|45
13|18|28|31|38|44|45
14|18|28|31|38|44|45
10|15|18|28|31|38|44|45
15|18|20|28|31|38|44|45
16|18|28|31|38|44|45
17|18|28|31|38|44|45
8|11|12|28|32|38|44|45
11|12|13|28|32|38|44|45
11|12|14|28|32|38|44|45
11|12|15|20|28|32|38|44|45
10|11|12|15|28|32|38|44|45
11|12|16|28|32|38|44|45
11|12|17|28|32|38|44|45
8|11|19|28|32|38|44|45
11|13|19|28|32|38|44|45
11|14|19|28|32|38|44|45
11|15|19|28|32|38|44|45
11|16|19|28|32|38|44|45
11|17|19|28|32|38|44|45
8|11|21|28|32|38|44|45
11|13|21|28|32|38|44|45
11|14|21|28|32|38|44|45
11|15|21|28|32|38|44|45
11|16|21|28|32|38|44|45
11|17|21|28|32|38|44|45
8|18|28|32|38|44|45
13|18|28|32|38|44|45
14|18|28|32|38|44|45
10|15|18|28|32|38|44|45
15|18|20|28|32|38|44|45
16|18|28|32|38|44|45
17|18|28|32|38|44|45
27|29|30|43
11|12|27|29|31|43
11|19|27|29|31|43
11|21|27|29|31|43
18|27|29|31|43
18|27|29|32|33|43
11|27|29|32|34|43
11|27|29|32|35|43
11|27|29|32|33|43
18|27|29|32|34|43
18|27|29|32|35|43
11|27|29|37|43
18|27|29|37|43
8|11|12|29|31|38|43
11|12|13|29|31|38|43
11|12|14|29|31|38|43
11|12|15|20|29|31|38|43
10|11|12|15|29|31|38|43
11|12|16|29|31|38|43
11|12|17|29|31|38|43
8|11|19|29|31|38|43
11|13|19|29|31|38|43
11|14|19|29|31|38|43
11|15|19|29|31|38|43
11|16|19|29|31|38|43
11|17|19|29|31|38|43
8|11|21|29|31|38|43
11|13|21|29|31|38|43
11|14|21|29|31|38|43
11|15|21|29|31|38|43
11|16|21|29|31|38|43
11|17|21|29|31|38|43
8|18|29|31|38|43
13|18|29|31|38|43
14|18|29|31|38|43
10|15|18|29|31|38|43
15|18|20|29|31|38|43
16|18|29|31|38|43
17|18|29|31|38|43
8|11|12|29|31|38|39|43
11|12|13|29|31|38|39|43
11|12|14|29|31|38|39|43
11|12|15|20|29|31|38|39|43
10|11|12|15|29|31|38|39|43
11|12|16|29|31|38|39|43
11|12|17|29|31|38|39|43
8|11|19|29|31|38|39|43
11|13|19|29|31|38|39|43
11|14|19|29|31|38|39|43
11|15|19|29|31|38|39|43
11|16|19|29|31|38|39|43
11|17|19|29|31|38|39|43
8|11|21|29|31|38|39|43
11|13|21|29|31|38|39|43
11|14|21|29|31|38|39|43
11|15|21|29|31|38|39|43
11|16|21|29|31|38|39|43
11|17|21|29|31|38|39|43
8|18|29|31|38|39|43
13|18|29|31|38|39|43
14|18|29|31|38|39|43
10|15|18|29|31|38|39|43
15|18|20|29|31|38|39|43
16|18|29|31|38|39|43
17|18|29|31|38|39|43
11|12|29|31|38|39|40|43
11|19|29|31|38|39|40|43
11|21|29|31|38|39|40|43
18|29|31|38|39|40|43
8|11|12|29|32|38|39|43
11|12|13|29|32|38|39|43
11|12|14|29|32|38|39|43
11|12|15|20|29|32|38|39|43
10|11|12|15|29|32|38|39|43
11|12|16|29|32|38|39|43
11|12|17|29|32|38|39|43
8|11|19|29|32|38|39|43
11|13|19|29|32|38|39|43
11|14|19|29|32|38|39|43
11|15|19|29|32|38|39|43
11|16|19|29|32|38|39|43
11|17|19|29|32|38|39|43
8|11|21|29|32|38|39|43
11|13|21|29|32|38|39|43
11|14|21|29|32|38|39|43
11|15|21|29|32|38|39|43
11|16|21|29|32|38|39|43
11|17|21|29|32|38|39|43
8|18|29|32|38|39|43
13|18|29|32|38|39|43
14|18|29|32|38|39|43
10|15|18|29|32|38|39|43
15|18|20|29|32|38|39|43
16|18|29|32|38|39|43
17|18|29|32|38|39|43
11|12|29|32|38|39|40|43
11|19|29|32|38|39|40|43
11|21|29|32|38|39|40|43
18|29|32|38|39|40|43
8|11|12|29|32|38|43
11|12|13|29|32|38|43
11|12|14|29|32|38|43
11|12|15|20|29|32|38|43
10|11|12|15|29|32|38|43
11|12|16|29|32|38|43
11|12|17|29|32|38|43
8|11|19|29|32|38|43
11|13|19|29|32|38|43
11|14|19|29|32|38|43
11|15|19|29|32|38|43
11|16|19|29|32|38|43
11|17|19|29|32|38|43
8|11|21|29|32|38|43
11|13|21|29|32|38|43
11|14|21|29|32|38|43
11|15|21|29|32|38|43
11|16|21|29|32|38|43
11|17|21|29|32|38|43
8|18|29|32|38|43
13|18|29|32|38|43
14|18|29|32|38|43
10|15|18|29|32|38|43
15|18|20|29|32|38|43
16|18|29|32|38|43
17|18|29|32|38|43
8|9|11|12
9|11|12|13
9|11|12|14
9|11|12|15
9|11|12|16
9|11|12|17
9|10|11|21|22
24|25|46
24|47
5|11|12|40
5|11|19|40
5|11|21|40
5|18|40
5|47
5|8|11|12|48
5|11|12|13|48
5|11|12|14|48
5|11|12|15|20|48
5|10|11|12|15|48
5|11|12|16|48
5|11|12|17|48
5|8|11|19|48
5|11|13|19|48
5|11|14|19|48
5|11|15|19|48
5|11|16|19|48
5|11|17|19|48
5|8|11|21|48
5|11|13|21|48
5|11|14|21|48
5|11|15|21|48
5|11|16|21|48
5|11|17|21|48
5|8|18|48
5|13|18|48
5|14|18|48
5|10|15|18|48
5|15|18|20|48
5|16|18|48
5|17|18|48
27|28|30|49
11|12|27|28|31|49
11|19|27|28|31|49
11|21|27|28|31|49
18|27|28|31|49
18|27|28|32|33|49
11|27|28|32|34|49
11|27|28|32|35|49
11|27|28|32|33|49
18|27|28|32|34|49
18|27|28|32|35|49
18|27|28|33|36|49
11|27|28|34|36|49
11|27|28|35|36|49
11|27|28|33|36|49
18|27|28|34|36|49
18|27|28|35|36|49
11|27|28|37|49
18|27|28|37|49
8|11|12|28|31|38|49
11|12|13|28|31|38|49
11|12|14|28|31|38|49
11|12|15|20|28|31|38|49
10|11|12|15|28|31|38|49
11|12|16|28|31|38|49
11|12|17|28|31|38|49
8|11|19|28|31|38|49
11|13|19|28|31|38|49
11|14|19|28|31|38|49
11|15|19|28|31|38|49
11|16|19|28|31|38|49
11|17|19|28|31|38|49
8|11|21|28|31|38|49
11|13|21|28|31|38|49
11|14|21|28|31|38|49
11|15|21|28|31|38|49
11|16|21|28|31|38|49
11|17|21|28|31|38|49
8|18|28|31|38|49
13|18|28|31|38|49
14|18|28|31|38|49
10|15|18|28|31|38|49
15|18|20|28|31|38|49
16|18|28|31|38|49
17|18|28|31|38|49
8|11|12|28|32|38|49
11|12|13|28|32|38|49
11|12|14|28|32|38|49
11|12|15|20|28|32|38|49
10|11|12|15|28|32|38|49
11|12|16|28|32|38|49
11|12|17|28|32|38|49
8|11|19|28|32|38|49
11|13|19|28|32|38|49
11|14|19|28|32|38|49
11|15|19|28|32|38|49
11|16|19|28|32|38|49
11|17|19|28|32|38|49
8|11|21|28|32|38|49
11|13|21|28|32|38|49
11|14|21|28|32|38|49
11|15|21|28|32|38|49
11|16|21|28|32|38|49
11|17|21|28|32|38|49
8|18|28|32|38|49
13|18|28|32|38|49
14|18|28|32|38|49
10|15|18|28|32|38|49
15|18|20|28|32|38|49
16|18|28|32|38|49
17|18|28|32|38|49
31|41|42|49
32|41|43|49
24|25|50
9|10|11|19|22
9|10|11|12|51
9|10|11|19|51
52
27|30|43|44
11|12|27|31|43|44
11|19|27|31|43|44
11|21|27|31|43|44
18|27|31|43|44
18|27|32|33|43|44
11|27|32|34|43|44
11|27|32|35|43|44
11|27|32|33|43|44
18|27|32|34|43|44
18|27|32|35|43|44
11|27|37|43|44
18|27|37|43|44
8|11|12|31|38|43|44
11|12|13|31|38|43|44
11|12|14|31|38|43|44
11|12|15|20|31|38|43|44
10|11|12|15|31|38|43|44
11|12|16|31|38|43|44
11|12|17|31|38|43|44
8|11|19|31|38|43|44
11|13|19|31|38|43|44
11|14|19|31|38|43|44
11|15|19|31|38|43|44
11|16|19|31|38|43|44
11|17|19|31|38|43|44
8|11|21|31|38|43|44
11|13|21|31|38|43|44
11|14|21|31|38|43|44
11|15|21|31|38|43|44
11|16|21|31|38|43|44
11|17|21|31|38|43|44
8|18|31|38|43|44
13|18|31|38|43|44
14|18|31|38|43|44
10|15|18|31|38|43|44
15|18|20|31|38|43|44
16|18|31|38|43|44
17|18|31|38|43|44
8|11|12|32|38|43|44
11|12|13|32|38|43|44
11|12|14|32|38|43|44
11|12|15|20|32|38|43|44
10|11|12|15|32|38|43|44
11|12|16|32|38|43|44
11|12|17|32|38|43|44
8|11|19|32|38|43|44
11|13|19|32|38|43|44
11|14|19|32|38|43|44
11|15|19|32|38|43|44
11|16|19|32|38|43|44
11|17|19|32|38|43|44
8|11|21|32|38|43|44
11|13|21|32|38|43|44
11|14|21|32|38|43|44
11|15|21|32|38|43|44
11|16|21|32|38|43|44
11|17|21|32|38|43|44
8|18|32|38|43|44
13|18|32|38|43|44
14|18|32|38|43|44
10|15|18|32|38|43|44
15|18|20|32|38|43|44
16|18|32|38|43|44
17|18|32|38|43|44
32|41|43|44
9|11|19|20|22
9|18|20|22
9|11|22|23
27|30|43|49
11|12|27|31|43|49
11|19|27|31|43|49
11|21|27|31|43|49
18|27|31|43|49
18|27|32|33|43|49
11|27|32|34|43|49
11|27|32|35|43|49
11|27|32|33|43|49
18|27|32|34|43|49
18|27|32|35|43|49
11|27|37|43|49
18|27|37|43|49
8|11|12|31|38|43|49
11|12|13|31|38|43|49
11|12|14|31|38|43|49
11|12|15|20|31|38|43|49
10|11|12|15|31|38|43|49
11|12|16|31|38|43|49
11|12|17|31|38|43|49
8|11|19|31|38|43|49
11|13|19|31|38|43|49
11|14|19|31|38|43|49
11|15|19|31|38|43|49
11|16|19|31|38|43|49
11|17|19|31|38|43|49
8|11|21|31|38|43|49
11|13|21|31|38|43|49
11|14|21|31|38|43|49
11|15|21|31|38|43|49
11|16|21|31|38|43|49
11|17|21|31|38|43|49
8|18|31|38|43|49
13|18|31|38|43|49
14|18|31|38|43|49
10|15|18|31|38|43|49
15|18|20|31|38|43|49
16|18|31|38|43|49
17|18|31|38|43|49
8|11|12|32|38|43|49
11|12|13|32|38|43|49
11|12|14|32|38|43|49
11|12|15|20|32|38|43|49
10|11|12|15|32|38|43|49
11|12|16|32|38|43|49
11|12|17|32|38|43|49
8|11|19|32|38|43|49
11|13|19|32|38|43|49
11|14|19|32|38|43|49
11|15|19|32|38|43|49
11|16|19|32|38|43|49
11|17|19|32|38|43|49
8|11|21|32|38|43|49
11|13|21|32|38|43|49
11|14|21|32|38|43|49
11|15|21|32|38|43|49
11|16|21|32|38|43|49
11|17|21|32|38|43|49
8|18|32|38|43|49
13|18|32|38|43|49
14|18|32|38|43|49
10|15|18|32|38|43|49
15|18|20|32|38|43|49
16|18|32|38|43|49
17|18|32|38|43|49
9|10|11|12|53
27|30|42|44
11|12|27|31|42|44
11|19|27|31|42|44
11|21|27|31|42|44
18|27|31|42|44
18|27|33|36|42|44
11|27|34|36|42|44
11|27|35|36|42|44
11|27|33|36|42|44
18|27|34|36|42|44
18|27|35|36|42|44
11|27|37|42|44
18|27|37|42|44
8|11|12|31|38|42|44
11|12|13|31|38|42|44
11|12|14|31|38|42|44
11|12|15|20|31|38|42|44
10|11|12|15|31|38|42|44
11|12|16|31|38|42|44
11|12|17|31|38|42|44
8|11|19|31|38|42|44
11|13|19|31|38|42|44
11|14|19|31|38|42|44
11|15|19|31|38|42|44
11|16|19|31|38|42|44
11|17|19|31|38|42|44
8|11|21|31|38|42|44
11|13|21|31|38|42|44
11|14|21|31|38|42|44
11|15|21|31|38|42|44
11|16|21|31|38|42|44
11|17|21|31|38|42|44
8|18|31|38|42|44
13|18|31|38|42|44
14|18|31|38|42|44
10|15|18|31|38|42|44
15|18|20|31|38|42|44
16|18|31|38|42|44
17|18|31|38|42|44
31|41|42|44
8|9|11|51
9|18|22
9|10|18|54
9|11|12|20|55
9|10|18|22
27|28|30|44
11|12|27|28|31|44
11|19|27|28|31|44
11|21|27|28|31|44
18|27|28|31|44
18|27|28|32|33|44
11|27|28|32|34|44
11|27|28|32|35|44
11|27|28|32|33|44
18|27|28|32|34|44
18|27|28|32|35|44
18|27|28|33|36|44
11|27|28|34|36|44
11|27|28|35|36|44
11|27|28|33|36|44
18|27|28|34|36|44
18|27|28|35|36|44
11|27|28|37|44
18|27|28|37|44
8|11|12|28|31|38|44
11|12|13|28|31|38|44
11|12|14|28|31|38|44
11|12|15|20|28|31|38|44
10|11|12|15|28|31|38|44
11|12|16|28|31|38|44
11|12|17|28|31|38|44
8|11|19|28|31|38|44
11|13|19|28|31|38|44
11|14|19|28|31|38|44
11|15|19|28|31|38|44
11|16|19|28|31|38|44
11|17|19|28|31|38|44
8|11|21|28|31|38|44
11|13|21|28|31|38|44
11|14|21|28|31|38|44
11|15|21|28|31|38|44
11|16|21|28|31|38|44
11|17|21|28|31|38|44
8|18|28|31|38|44
13|18|28|31|38|44
14|18|28|31|38|44
10|15|18|28|31|38|44
15|18|20|28|31|38|44
16|18|28|31|38|44
17|18|28|31|38|44
8|11|12|28|32|38|44
11|12|13|28|32|38|44
11|12|14|28|32|38|44
11|12|15|20|28|32|38|44
10|11|12|15|28|32|38|44
11|12|16|28|32|38|44
11|12|17|28|32|38|44
8|11|19|28|32|38|44
11|13|19|28|32|38|44
11|14|19|28|32|38|44
11|15|19|28|32|38|44
11|16|19|28|32|38|44
11|17|19|28|32|38|44
8|11|21|28|32|38|44
11|13|21|28|32|38|44
11|14|21|28|32|38|44
11|15|21|28|32|38|44
11|16|21|28|32|38|44
11|17|21|28|32|38|44
8|18|28|32|38|44
13|18|28|32|38|44
14|18|28|32|38|44
10|15|18|28|32|38|44
15|18|20|28|32|38|44
16|18|28|32|38|44
17|18|28|32|38|44
27|29|30|42
11|12|27|29|31|42
11|19|27|29|31|42
11|21|27|29|31|42
18|27|29|31|42
18|27|29|33|36|42
11|27|29|34|36|42
11|27|29|35|36|42
11|27|29|33|36|42
18|27|29|34|36|42
18|27|29|35|36|42
11|27|29|37|42
18|27|29|37|42
8|11|12|29|31|38|42
11|12|13|29|31|38|42
11|12|14|29|31|38|42
11|12|15|20|29|31|38|42
10|11|12|15|29|31|38|42
11|12|16|29|31|38|42
11|12|17|29|31|38|42
8|11|19|29|31|38|42
11|13|19|29|31|38|42
11|14|19|29|31|38|42
11|15|19|29|31|38|42
11|16|19|29|31|38|42
11|17|19|29|31|38|42
8|11|21|29|31|38|42
11|13|21|29|31|38|42
11|14|21|29|31|38|42
11|15|21|29|31|38|42
11|16|21|29|31|38|42
11|17|21|29|31|38|42
8|18|29|31|38|42
13|18|29|31|38|42
14|18|29|31|38|42
10|15|18|29|31|38|42
15|18|20|29|31|38|42
16|18|29|31|38|42
17|18|29|31|38|42
8|11|12|29|31|38|39|42
11|12|13|29|31|38|39|42
11|12|14|29|31|38|39|42
11|12|15|20|29|31|38|39|42
10|11|12|15|29|31|38|39|42
11|12|16|29|31|38|39|42
11|12|17|29|31|38|39|42
11|12|29|31|38|39|40|42
11|19|29|31|38|39|40|42
11|21|29|31|38|39|40|42
18|29|31|38|39|40|42
8|11|19|29|31|38|39|42
11|13|19|29|31|38|39|42
11|14|19|29|31|38|39|42
11|15|19|29|31|38|39|42
11|16|19|29|31|38|39|42
11|17|19|29|31|38|39|42
8|11|21|29|31|38|39|42
11|13|21|29|31|38|39|42
11|14|21|29|31|38|39|42
11|15|21|29|31|38|39|42
11|16|21|29|31|38|39|42
11|17|21|29|31|38|39|42
8|18|29|31|38|39|42
13|18|29|31|38|39|42
14|18|29|31|38|39|42
10|15|18|29|31|38|39|42
15|18|20|29|31|38|39|42
16|18|29|31|38|39|42
17|18|29|31|38|39|42
27|30|42|44|45
11|12|27|31|42|44|45
11|19|27|31|42|44|45
11|21|27|31|42|44|45
18|27|31|42|44|45
18|27|33|36|42|44|45
11|27|34|36|42|44|45
11|27|35|36|42|44|45
11|27|33|36|42|44|45
18|27|34|36|42|44|45
18|27|35|36|42|44|45
11|27|37|42|44|45
18|27|37|42|44|45
8|11|12|31|38|42|44|45
11|12|13|31|38|42|44|45
11|12|14|31|38|42|44|45
11|12|15|20|31|38|42|44|45
10|11|12|15|31|38|42|44|45
11|12|16|31|38|42|44|45
11|12|17|31|38|42|44|45
8|11|19|31|38|42|44|45
11|13|19|31|38|42|44|45
11|14|19|31|38|42|44|45
11|15|19|31|38|42|44|45
11|16|19|31|38|42|44|45
11|17|19|31|38|42|44|45
8|11|21|31|38|42|44|45
11|13|21|31|38|42|44|45
11|14|21|31|38|42|44|45
11|15|21|31|38|42|44|45
11|16|21|31|38|42|44|45
11|17|21|31|38|42|44|45
8|18|31|38|42|44|45
13|18|31|38|42|44|45
14|18|31|38|42|44|45
10|15|18|31|38|42|44|45
15|18|20|31|38|42|44|45
16|18|31|38|42|44|45
17|18|31|38|42|44|45
27|30|42|49
11|12|27|31|42|49
11|19|27|31|42|49
11|21|27|31|42|49
18|27|31|42|49
18|27|33|36|42|49
11|27|34|36|42|49
11|27|35|36|42|49
11|27|33|36|42|49
18|27|34|36|42|49
18|27|35|36|42|49
11|27|37|42|49
18|27|37|42|49
8|11|12|31|38|42|49
11|12|13|31|38|42|49
11|12|14|31|38|42|49
11|12|15|20|31|38|42|49
10|11|12|15|31|38|42|49
11|12|16|31|38|42|49
11|12|17|31|38|42|49
8|11|19|31|38|42|49
11|13|19|31|38|42|49
11|14|19|31|38|42|49
11|15|19|31|38|42|49
11|16|19|31|38|42|49
11|17|19|31|38|42|49
8|11|21|31|38|42|49
11|13|21|31|38|42|49
11|14|21|31|38|42|49
11|15|21|31|38|42|49
11|16|21|31|38|42|49
11|17|21|31|38|42|49
8|18|31|38|42|49
13|18|31|38|42|49
14|18|31|38|42|49
10|15|18|31|38|42|49
15|18|20|31|38|42|49
16|18|31|38|42|49
17|18|31|38|42|49
9|11|12|22
8|9|11|20|23
9|11|13|20|23
9|11|14|20|23
9|11|15|20|23
9|11|16|20|23
9|11|17|20|23
27|30|43|44|45|56
7|13
29|31|41|43
8|9|11|20|21
9|11|13|20|21
9|11|14|20|21
9|11|15|20|21
9|11|16|20|21
9|11|17|20|21
8|11|12|57|58
11|12|13|57|58
11|12|14|57|58
11|12|15|20|57|58
10|11|12|15|57|58
11|12|16|57|58
11|12|17|57|58
8|11|19|57|58
11|13|19|57|58
11|14|19|57|58
11|15|19|57|58
11|16|19|57|58
11|17|19|57|58
8|11|21|57|58
11|13|21|57|58
11|14|21|57|58
11|15|21|57|58
11|16|21|57|58
11|17|21|57|58
8|18|57|58
13|18|57|58
14|18|57|58
10|15|18|57|58
15|18|20|57|58
16|18|57|58
17|18|57|58
31|41|43|49
7|14
8|9|11|23
9|11|13|23
9|11|14|23
9|11|15|23
9|11|16|23
9|11|17|23
7|17
7|15
5|8|11|12|51
5|11|12|13|51
5|11|12|14|51
5|11|12|15|20|51
5|10|11|12|15|51
5|11|12|16|51
5|11|12|17|51
5|8|11|19|51
5|11|13|19|51
5|11|14|19|51
5|11|15|19|51
5|11|16|19|51
5|11|17|19|51
5|8|11|21|51
5|11|13|21|51
5|11|14|21|51
5|11|15|21|51
5|11|16|21|51
5|11|17|21|51
5|8|18|51
5|13|18|51
5|14|18|51
5|10|15|18|51
5|15|18|20|51
5|16|18|51
5|17|18|51
24|59|60
24|59|61
24
27|30|43|44|56
24|59|62
27|30|42|44|45|56
9|10|11|22|23
24|51
8|57|63
13|57|63
14|57|63
15|57|63
16|57|63
17|57|63
8|57|64
13|57|64
14|57|64
15|57|64
16|57|64
17|57|64
8|9|11|21|51
9|11|13|21|51
9|11|14|21|51
9|11|15|21|51
9|11|16|21|51
9|11|17|21|51
8|9|18|51
9|13|18|51
9|14|18|51
9|15|18|51
9|16|18|51
9|17|18|51
24|65
8|19|57|63
15|19|57|63
5|11|12|51
5|18|51
5|11|21|51
5|11|19|51
31|41|43|44
7|16
27|30|42|44|56
24|59|66
27|29|30|42|56
24|59|67
9|10|11|12|54
9|10|11|17|23
8|9|11|12|51
9|11|12|13|51
9|11|12|14|51
9|11|12|15|51
9|11|12|16|51
9|11|12|17|51
8|9|10|11|23
9|10|11|13|23
9|10|11|14|23
9|10|11|15|23
9|10|11|16|23
8|9|11|19|51
9|11|13|19|51
9|11|14|19|51
9|11|15|19|51
9|11|16|19|51
9|11|17|19|51
8|9|51
9|13|51
9|14|51
9|15|51
9|16|51
9|17|51
8|9|11|21
9|11|13|21
9|11|14|21
9|11|15|21
9|11|16|21
9|11|17|21
8|57|68
15|57|68
9|11|19|20|55
8|11|12|57|63
11|12|13|57|63
11|12|14|57|63
11|12|15|57|63
11|12|16|57|63
11|12|17|57|63
8|18|57|63
13|18|57|63
14|18|57|63
15|18|57|63
16|18|57|63
17|18|57|63
13|57|68
14|57|68
16|57|68
17|57|68
5|8|51
5|13|51
5|14|51
5|15|51
5|16|51
5|17|51
9|51
8|12|57|64
12|13|57|64
12|14|57|64
12|15|57|64
12|16|57|64
12|17|57|64
8|19|57|64
13|19|57|64
14|19|57|64
15|19|57|64
16|19|57|64
17|19|57|64
8|21|57|64
13|21|57|64
14|21|57|64
15|21|57|64
16|21|57|64
17|21|57|64
8|11|19|57|63
11|13|19|57|63
11|14|19|57|63
11|15|19|57|63
11|16|19|57|63
11|17|19|57|63
8|11|21|57|63
11|13|21|57|63
11|14|21|57|63
11|15|21|57|63
11|16|21|57|63
11|17|21|57|63
24|48
27|29|30|43|56
27|30|42|49|56
0
9|11|13|51
9|11|14|51
9|11|15|51
9|11|16|51
9|11|17|51
9|18|20|54
