1
2
3
4
5 6
7 8
9 10 11 12 8
9 10 11 12 13
9 10 11 12 14
9 10 11 12 15
9 10 11 12 16
9 10 11 12 17
9 10 18 8
9 10 18 13
9 10 18 14
9 10 18 15
9 10 18 16
9 10 18 17
9 10 11 19 8
9 10 11 19 13
9 10 11 19 14
9 10 11 19 15
9 10 11 19 16
9 10 11 19 17
9 20 11 12 8
9 20 11 12 13
9 20 11 12 14
9 20 11 12 15
9 20 11 12 16
9 20 11 12 17
9 20 18 8
9 20 18 13
9 20 18 14
9 20 18 15
9 20 18 16
9 20 18 17
5 11 12 8
5 11 12 13
5 11 12 14
5 11 12 15 20
5 11 12 15 10
5 11 12 16
5 11 12 17
5 11 19 8
5 11 19 13
5 11 19 14
5 11 19 15
5 11 19 16
5 11 19 17
5 11 21 8
5 11 21 13
5 11 21 14
5 11 21 15
5 11 21 16
5 11 21 17
5 18 8
5 18 13
5 18 14
5 18 15 10
5 18 15 20
5 18 16
5 18 17
9 20 11 19 8
9 20 11 19 13
9 20 11 19 14
9 20 11 19 15
9 20 11 19 16
9 20 11 19 17
9 10 11 12 22
9 10 11 21 8
9 10 11 21 13
9 10 11 21 14
9 10 11 21 15
9 10 11 21 16
9 10 11 21 17
9 20 11 12 22
9 20 11 23 22
24 25 26
9 11 19 8
9 11 19 13
9 11 19 14
9 11 19 15
9 11 19 16
9 11 19 17
9 18 8
9 18 13
9 18 14
9 18 15
9 18 16
9 18 17
27 28 29 30
27 28 29 31 11 12
27 28 29 31 11 19
27 28 29 31 11 21
27 28 29 31 18
27 28 29 32 18 33
27 28 29 32 11 34
27 28 29 32 11 35
27 28 29 32 11 33
27 28 29 32 18 34
27 28 29 32 18 35
27 28 29 36 18 33
27 28 29 36 11 34
27 28 29 36 11 35
27 28 29 36 11 33
27 28 29 36 18 34
27 28 29 36 18 35
27 28 29 37 11
27 28 29 37 18
38 28 29 39 31 11 12 8
38 28 29 39 31 11 12 13
38 28 29 39 31 11 12 14
38 28 29 39 31 11 12 15 20
38 28 29 39 31 11 12 15 10
38 28 29 39 31 11 12 16
38 28 29 39 31 11 12 17
38 40 28 29 39 31 11 12
38 40 28 29 39 31 11 19
38 40 28 29 39 31 11 21
38 40 28 29 39 31 18
38 28 29 39 31 11 19 8
38 28 29 39 31 11 19 13
38 28 29 39 31 11 19 14
38 28 29 39 31 11 19 15
38 28 29 39 31 11 19 16
38 28 29 39 31 11 19 17
38 28 29 39 31 11 21 8
38 28 29 39 31 11 21 13
38 28 29 39 31 11 21 14
38 28 29 39 31 11 21 15
38 28 29 39 31 11 21 16
38 28 29 39 31 11 21 17
38 28 29 39 31 18 8
38 28 29 39 31 18 13
38 28 29 39 31 18 14
38 28 29 39 31 18 15 10
38 28 29 39 31 18 15 20
38 28 29 39 31 18 16
38 28 29 39 31 18 17
38 28 29 31 11 12 8
38 28 29 31 11 12 13
38 28 29 31 11 12 14
38 28 29 31 11 12 15 20
38 28 29 31 11 12 15 10
38 28 29 31 11 12 16
38 28 29 31 11 12 17
38 28 29 31 11 19 8
38 28 29 31 11 19 13
38 28 29 31 11 19 14
38 28 29 31 11 19 15
38 28 29 31 11 19 16
38 28 29 31 11 19 17
38 28 29 31 11 21 8
38 28 29 31 11 21 13
38 28 29 31 11 21 14
38 28 29 31 11 21 15
38 28 29 31 11 21 16
38 28 29 31 11 21 17
38 28 29 31 18 8
38 28 29 31 18 13
38 28 29 31 18 14
38 28 29 31 18 15 10
38 28 29 31 18 15 20
38 28 29 31 18 16
38 28 29 31 18 17
38 28 29 39 32 11 12 8
38 28 29 39 32 11 12 13
38 28 29 39 32 11 12 14
38 28 29 39 32 11 12 15 20
38 28 29 39 32 11 12 15 10
38 28 29 39 32 11 12 16
38 28 29 39 32 11 12 17
38 40 28 29 39 32 11 12
38 40 28 29 39 32 11 19
38 40 28 29 39 32 11 21
38 40 28 29 39 32 18
38 28 29 39 32 11 19 8
38 28 29 39 32 11 19 13
38 28 29 39 32 11 19 14
38 28 29 39 32 11 19 15
38 28 29 39 32 11 19 16
38 28 29 39 32 11 19 17
38 28 29 39 32 11 21 8
38 28 29 39 32 11 21 13
38 28 29 39 32 11 21 14
38 28 29 39 32 11 21 15
38 28 29 39 32 11 21 16
38 28 29 39 32 11 21 17
38 28 29 39 32 18 8
38 28 29 39 32 18 13
38 28 29 39 32 18 14
38 28 29 39 32 18 15 10
38 28 29 39 32 18 15 20
38 28 29 39 32 18 16
38 28 29 39 32 18 17
38 28 29 32 11 12 8
38 28 29 32 11 12 13
38 28 29 32 11 12 14
38 28 29 32 11 12 15 20
38 28 29 32 11 12 15 10
38 28 29 32 11 12 16
38 28 29 32 11 12 17
38 28 29 32 11 19 8
38 28 29 32 11 19 13
38 28 29 32 11 19 14
38 28 29 32 11 19 15
38 28 29 32 11 19 16
38 28 29 32 11 19 17
38 28 29 32 11 21 8
38 28 29 32 11 21 13
38 28 29 32 11 21 14
38 28 29 32 11 21 15
38 28 29 32 11 21 16
38 28 29 32 11 21 17
38 28 29 32 18 8
38 28 29 32 18 13
38 28 29 32 18 14
38 28 29 32 18 15 10
38 28 29 32 18 15 20
38 28 29 32 18 16
38 28 29 32 18 17
41 42 29 31
41 43 29 32
27 43 44 45 30
27 43 44 45 31 11 12
27 43 44 45 31 11 19
27 43 44 45 31 11 21
27 43 44 45 31 18
27 43 44 45 32 18 33
27 43 44 45 32 11 34
27 43 44 45 32 11 35
27 43 44 45 32 11 33
27 43 44 45 32 18 34
27 43 44 45 32 18 35
27 43 44 45 37 11
27 43 44 45 37 18
41 43 44 45 32
38 43 44 45 31 11 12 8
38 43 44 45 31 11 12 13
38 43 44 45 31 11 12 14
38 43 44 45 31 11 12 15 20
38 43 44 45 31 11 12 15 10
38 43 44 45 31 11 12 16
38 43 44 45 31 11 12 17
38 43 44 45 31 11 19 8
38 43 44 45 31 11 19 13
38 43 44 45 31 11 19 14
38 43 44 45 31 11 19 15
38 43 44 45 31 11 19 16
38 43 44 45 31 11 19 17
38 43 44 45 31 11 21 8
38 43 44 45 31 11 21 13
38 43 44 45 31 11 21 14
38 43 44 45 31 11 21 15
38 43 44 45 31 11 21 16
38 43 44 45 31 11 21 17
38 43 44 45 31 18 8
38 43 44 45 31 18 13
38 43 44 45 31 18 14
38 43 44 45 31 18 15 10
38 43 44 45 31 18 15 20
38 43 44 45 31 18 16
38 43 44 45 31 18 17
38 43 44 45 32 11 12 8
38 43 44 45 32 11 12 13
38 43 44 45 32 11 12 14
38 43 44 45 32 11 12 15 20
38 43 44 45 32 11 12 15 10
38 43 44 45 32 11 12 16
38 43 44 45 32 11 12 17
38 43 44 45 32 11 19 8
38 43 44 45 32 11 19 13
38 43 44 45 32 11 19 14
38 43 44 45 32 11 19 15
38 43 44 45 32 11 19 16
38 43 44 45 32 11 19 17
38 43 44 45 32 11 21 8
38 43 44 45 32 11 21 13
38 43 44 45 32 11 21 14
38 43 44 45 32 11 21 15
38 43 44 45 32 11 21 16
38 43 44 45 32 11 21 17
38 43 44 45 32 18 8
38 43 44 45 32 18 13
38 43 44 45 32 18 14
38 43 44 45 32 18 15 10
38 43 44 45 32 18 15 20
38 43 44 45 32 18 16
38 43 44 45 32 18 17
27 28 44 45 30
27 28 44 45 31 11 12
27 28 44 45 31 11 19
27 28 44 45 31 11 21
27 28 44 45 31 18
27 28 44 45 32 18 33
27 28 44 45 32 11 34
27 28 44 45 32 11 35
27 28 44 45 32 11 33
27 28 44 45 32 18 34
27 28 44 45 32 18 35
27 28 44 45 36 18 33
27 28 44 45 36 11 34
27 28 44 45 36 11 35
27 28 44 45 36 11 33
27 28 44 45 36 18 34
27 28 44 45 36 18 35
27 28 44 45 37 11
27 28 44 45 37 18
41 42 44 45 31
38 28 44 45 31 11 12 8
38 28 44 45 31 11 12 13
38 28 44 45 31 11 12 14
38 28 44 45 31 11 12 15 20
38 28 44 45 31 11 12 15 10
38 28 44 45 31 11 12 16
38 28 44 45 31 11 12 17
38 28 44 45 31 11 19 8
38 28 44 45 31 11 19 13
38 28 44 45 31 11 19 14
38 28 44 45 31 11 19 15
38 28 44 45 31 11 19 16
38 28 44 45 31 11 19 17
38 28 44 45 31 11 21 8
38 28 44 45 31 11 21 13
38 28 44 45 31 11 21 14
38 28 44 45 31 11 21 15
38 28 44 45 31 11 21 16
38 28 44 45 31 11 21 17
38 28 44 45 31 18 8
38 28 44 45 31 18 13
38 28 44 45 31 18 14
38 28 44 45 31 18 15 10
38 28 44 45 31 18 15 20
38 28 44 45 31 18 16
38 28 44 45 31 18 17
38 28 44 45 32 11 12 8
38 28 44 45 32 11 12 13
38 28 44 45 32 11 12 14
38 28 44 45 32 11 12 15 20
38 28 44 45 32 11 12 15 10
38 28 44 45 32 11 12 16
38 28 44 45 32 11 12 17
38 28 44 45 32 11 19 8
38 28 44 45 32 11 19 13
38 28 44 45 32 11 19 14
38 28 44 45 32 11 19 15
38 28 44 45 32 11 19 16
38 28 44 45 32 11 19 17
38 28 44 45 32 11 21 8
38 28 44 45 32 11 21 13
38 28 44 45 32 11 21 14
38 28 44 45 32 11 21 15
38 28 44 45 32 11 21 16
38 28 44 45 32 11 21 17
38 28 44 45 32 18 8
38 28 44 45 32 18 13
38 28 44 45 32 18 14
38 28 44 45 32 18 15 10
38 28 44 45 32 18 15 20
38 28 44 45 32 18 16
38 28 44 45 32 18 17
27 43 29 30
27 43 29 31 11 12
27 43 29 31 11 19
27 43 29 31 11 21
27 43 29 31 18
27 43 29 32 18 33
27 43 29 32 11 34
27 43 29 32 11 35
27 43 29 32 11 33
27 43 29 32 18 34
27 43 29 32 18 35
27 43 29 37 11
27 43 29 37 18
38 43 29 31 11 12 8
38 43 29 31 11 12 13
38 43 29 31 11 12 14
38 43 29 31 11 12 15 20
38 43 29 31 11 12 15 10
38 43 29 31 11 12 16
38 43 29 31 11 12 17
38 43 29 31 11 19 8
38 43 29 31 11 19 13
38 43 29 31 11 19 14
38 43 29 31 11 19 15
38 43 29 31 11 19 16
38 43 29 31 11 19 17
38 43 29 31 11 21 8
38 43 29 31 11 21 13
38 43 29 31 11 21 14
38 43 29 31 11 21 15
38 43 29 31 11 21 16
38 43 29 31 11 21 17
38 43 29 31 18 8
38 43 29 31 18 13
38 43 29 31 18 14
38 43 29 31 18 15 10
38 43 29 31 18 15 20
38 43 29 31 18 16
38 43 29 31 18 17
38 43 29 39 31 11 12 8
38 43 29 39 31 11 12 13
38 43 29 39 31 11 12 14
38 43 29 39 31 11 12 15 20
38 43 29 39 31 11 12 15 10
38 43 29 39 31 11 12 16
38 43 29 39 31 11 12 17
38 43 29 39 31 11 19 8
38 43 29 39 31 11 19 13
38 43 29 39 31 11 19 14
38 43 29 39 31 11 19 15
38 43 29 39 31 11 19 16
38 43 29 39 31 11 19 17
38 43 29 39 31 11 21 8
38 43 29 39 31 11 21 13
38 43 29 39 31 11 21 14
38 43 29 39 31 11 21 15
38 43 29 39 31 11 21 16
38 43 29 39 31 11 21 17
38 43 29 39 31 18 8
38 43 29 39 31 18 13
38 43 29 39 31 18 14
38 43 29 39 31 18 15 10
38 43 29 39 31 18 15 20
38 43 29 39 31 18 16
38 43 29 39 31 18 17
38 40 43 29 39 31 11 12
38 40 43 29 39 31 11 19
38 40 43 29 39 31 11 21
38 40 43 29 39 31 18
38 43 29 39 32 11 12 8
38 43 29 39 32 11 12 13
38 43 29 39 32 11 12 14
38 43 29 39 32 11 12 15 20
38 43 29 39 32 11 12 15 10
38 43 29 39 32 11 12 16
38 43 29 39 32 11 12 17
38 43 29 39 32 11 19 8
38 43 29 39 32 11 19 13
38 43 29 39 32 11 19 14
38 43 29 39 32 11 19 15
38 43 29 39 32 11 19 16
38 43 29 39 32 11 19 17
38 43 29 39 32 11 21 8
38 43 29 39 32 11 21 13
38 43 29 39 32 11 21 14
38 43 29 39 32 11 21 15
38 43 29 39 32 11 21 16
38 43 29 39 32 11 21 17
38 43 29 39 32 18 8
38 43 29 39 32 18 13
38 43 29 39 32 18 14
38 43 29 39 32 18 15 10
38 43 29 39 32 18 15 20
38 43 29 39 32 18 16
38 43 29 39 32 18 17
38 40 43 29 39 32 11 12
38 40 43 29 39 32 11 19
38 40 43 29 39 32 11 21
38 40 43 29 39 32 18
38 43 29 32 11 12 8
38 43 29 32 11 12 13
38 43 29 32 11 12 14
38 43 29 32 11 12 15 20
38 43 29 32 11 12 15 10
38 43 29 32 11 12 16
38 43 29 32 11 12 17
38 43 29 32 11 19 8
38 43 29 32 11 19 13
38 43 29 32 11 19 14
38 43 29 32 11 19 15
38 43 29 32 11 19 16
38 43 29 32 11 19 17
38 43 29 32 11 21 8
38 43 29 32 11 21 13
38 43 29 32 11 21 14
38 43 29 32 11 21 15
38 43 29 32 11 21 16
38 43 29 32 11 21 17
38 43 29 32 18 8
38 43 29 32 18 13
38 43 29 32 18 14
38 43 29 32 18 15 10
38 43 29 32 18 15 20
38 43 29 32 18 16
38 43 29 32 18 17
9 11 12 8
9 11 12 13
9 11 12 14
9 11 12 15
9 11 12 16
9 11 12 17
9 10 11 21 22
24 25 46
24 47
5 40 11 12
5 40 11 19
5 40 11 21
5 40 18
5 47
5 48 11 12 8
5 48 11 12 13
5 48 11 12 14
5 48 11 12 15 20
5 48 11 12 15 10
5 48 11 12 16
5 48 11 12 17
5 48 11 19 8
5 48 11 19 13
5 48 11 19 14
5 48 11 19 15
5 48 11 19 16
5 48 11 19 17
5 48 11 21 8
5 48 11 21 13
5 48 11 21 14
5 48 11 21 15
5 48 11 21 16
5 48 11 21 17
5 48 18 8
5 48 18 13
5 48 18 14
5 48 18 15 10
5 48 18 15 20
5 48 18 16
5 48 18 17
27 28 49 30
27 28 49 31 11 12
27 28 49 31 11 19
27 28 49 31 11 21
27 28 49 31 18
27 28 49 32 18 33
27 28 49 32 11 34
27 28 49 32 11 35
27 28 49 32 11 33
27 28 49 32 18 34
27 28 49 32 18 35
27 28 49 36 18 33
27 28 49 36 11 34
27 28 49 36 11 35
27 28 49 36 11 33
27 28 49 36 18 34
27 28 49 36 18 35
27 28 49 37 11
27 28 49 37 18
38 28 49 31 11 12 8
38 28 49 31 11 12 13
38 28 49 31 11 12 14
38 28 49 31 11 12 15 20
38 28 49 31 11 12 15 10
38 28 49 31 11 12 16
38 28 49 31 11 12 17
38 28 49 31 11 19 8
38 28 49 31 11 19 13
38 28 49 31 11 19 14
38 28 49 31 11 19 15
38 28 49 31 11 19 16
38 28 49 31 11 19 17
38 28 49 31 11 21 8
38 28 49 31 11 21 13
38 28 49 31 11 21 14
38 28 49 31 11 21 15
38 28 49 31 11 21 16
38 28 49 31 11 21 17
38 28 49 31 18 8
38 28 49 31 18 13
38 28 49 31 18 14
38 28 49 31 18 15 10
38 28 49 31 18 15 20
38 28 49 31 18 16
38 28 49 31 18 17
38 28 49 32 11 12 8
38 28 49 32 11 12 13
38 28 49 32 11 12 14
38 28 49 32 11 12 15 20
38 28 49 32 11 12 15 10
38 28 49 32 11 12 16
38 28 49 32 11 12 17
38 28 49 32 11 19 8
38 28 49 32 11 19 13
38 28 49 32 11 19 14
38 28 49 32 11 19 15
38 28 49 32 11 19 16
38 28 49 32 11 19 17
38 28 49 32 11 21 8
38 28 49 32 11 21 13
38 28 49 32 11 21 14
38 28 49 32 11 21 15
38 28 49 32 11 21 16
38 28 49 32 11 21 17
38 28 49 32 18 8
38 28 49 32 18 13
38 28 49 32 18 14
38 28 49 32 18 15 10
38 28 49 32 18 15 20
38 28 49 32 18 16
38 28 49 32 18 17
41 42 49 31
41 43 49 32
24 25 50
9 10 11 19 22
9 10 11 12 51
9 10 11 19 51
52
27 43 44 30
27 43 44 31 11 12
27 43 44 31 11 19
27 43 44 31 11 21
27 43 44 31 18
27 43 44 32 18 33
27 43 44 32 11 34
27 43 44 32 11 35
27 43 44 32 11 33
27 43 44 32 18 34
27 43 44 32 18 35
27 43 44 37 11
27 43 44 37 18
38 43 44 31 11 12 8
38 43 44 31 11 12 13
38 43 44 31 11 12 14
38 43 44 31 11 12 15 20
38 43 44 31 11 12 15 10
38 43 44 31 11 12 16
38 43 44 31 11 12 17
38 43 44 31 11 19 8
38 43 44 31 11 19 13
38 43 44 31 11 19 14
38 43 44 31 11 19 15
38 43 44 31 11 19 16
38 43 44 31 11 19 17
38 43 44 31 11 21 8
38 43 44 31 11 21 13
38 43 44 31 11 21 14
38 43 44 31 11 21 15
38 43 44 31 11 21 16
38 43 44 31 11 21 17
38 43 44 31 18 8
38 43 44 31 18 13
38 43 44 31 18 14
38 43 44 31 18 15 10
38 43 44 31 18 15 20
38 43 44 31 18 16
38 43 44 31 18 17
38 43 44 32 11 12 8
38 43 44 32 11 12 13
38 43 44 32 11 12 14
38 43 44 32 11 12 15 20
38 43 44 32 11 12 15 10
38 43 44 32 11 12 16
38 43 44 32 11 12 17
38 43 44 32 11 19 8
38 43 44 32 11 19 13
38 43 44 32 11 19 14
38 43 44 32 11 19 15
38 43 44 32 11 19 16
38 43 44 32 11 19 17
38 43 44 32 11 21 8
38 43 44 32 11 21 13
38 43 44 32 11 21 14
38 43 44 32 11 21 15
38 43 44 32 11 21 16
38 43 44 32 11 21 17
38 43 44 32 18 8
38 43 44 32 18 13
38 43 44 32 18 14
38 43 44 32 18 15 10
38 43 44 32 18 15 20
38 43 44 32 18 16
38 43 44 32 18 17
41 43 44 32
9 20 11 19 22
9 20 18 22
9 11 23 22
27 43 49 30
27 43 49 31 11 12
27 43 49 31 11 19
27 43 49 31 11 21
27 43 49 31 18
27 43 49 32 18 33
27 43 49 32 11 34
27 43 49 32 11 35
27 43 49 32 11 33
27 43 49 32 18 34
27 43 49 32 18 35
27 43 49 37 11
27 43 49 37 18
38 43 49 31 11 12 8
38 43 49 31 11 12 13
38 43 49 31 11 12 14
38 43 49 31 11 12 15 20
38 43 49 31 11 12 15 10
38 43 49 31 11 12 16
38 43 49 31 11 12 17
38 43 49 31 11 19 8
38 43 49 31 11 19 13
38 43 49 31 11 19 14
38 43 49 31 11 19 15
38 43 49 31 11 19 16
38 43 49 31 11 19 17
38 43 49 31 11 21 8
38 43 49 31 11 21 13
38 43 49 31 11 21 14
38 43 49 31 11 21 15
38 43 49 31 11 21 16
38 43 49 31 11 21 17
38 43 49 31 18 8
38 43 49 31 18 13
38 43 49 31 18 14
38 43 49 31 18 15 10
38 43 49 31 18 15 20
38 43 49 31 18 16
38 43 49 31 18 17
38 43 49 32 11 12 8
38 43 49 32 11 12 13
38 43 49 32 11 12 14
38 43 49 32 11 12 15 20
38 43 49 32 11 12 15 10
38 43 49 32 11 12 16
38 43 49 32 11 12 17
38 43 49 32 11 19 8
38 43 49 32 11 19 13
38 43 49 32 11 19 14
38 43 49 32 11 19 15
38 43 49 32 11 19 16
38 43 49 32 11 19 17
38 43 49 32 11 21 8
38 43 49 32 11 21 13
38 43 49 32 11 21 14
38 43 49 32 11 21 15
38 43 49 32 11 21 16
38 43 49 32 11 21 17
38 43 49 32 18 8
38 43 49 32 18 13
38 43 49 32 18 14
38 43 49 32 18 15 10
38 43 49 32 18 15 20
38 43 49 32 18 16
38 43 49 32 18 17
9 10 11 12 53
27 42 44 30
27 42 44 31 11 12
27 42 44 31 11 19
27 42 44 31 11 21
27 42 44 31 18
27 42 44 36 18 33
27 42 44 36 11 34
27 42 44 36 11 35
27 42 44 36 11 33
27 42 44 36 18 34
27 42 44 36 18 35
27 42 44 37 11
27 42 44 37 18
38 42 44 31 11 12 8
38 42 44 31 11 12 13
38 42 44 31 11 12 14
38 42 44 31 11 12 15 20
38 42 44 31 11 12 15 10
38 42 44 31 11 12 16
38 42 44 31 11 12 17
38 42 44 31 11 19 8
38 42 44 31 11 19 13
38 42 44 31 11 19 14
38 42 44 31 11 19 15
38 42 44 31 11 19 16
38 42 44 31 11 19 17
38 42 44 31 11 21 8
38 42 44 31 11 21 13
38 42 44 31 11 21 14
38 42 44 31 11 21 15
38 42 44 31 11 21 16
38 42 44 31 11 21 17
38 42 44 31 18 8
38 42 44 31 18 13
38 42 44 31 18 14
38 42 44 31 18 15 10
38 42 44 31 18 15 20
38 42 44 31 18 16
38 42 44 31 18 17
41 42 44 31
51 9 11 8
9 18 22
9 10 18 54
9 20 11 12 55
9 10 18 22
27 28 44 30
27 28 44 31 11 12
27 28 44 31 11 19
27 28 44 31 11 21
27 28 44 31 18
27 28 44 32 18 33
27 28 44 32 11 34
27 28 44 32 11 35
27 28 44 32 11 33
27 28 44 32 18 34
27 28 44 32 18 35
27 28 44 36 18 33
27 28 44 36 11 34
27 28 44 36 11 35
27 28 44 36 11 33
27 28 44 36 18 34
27 28 44 36 18 35
27 28 44 37 11
27 28 44 37 18
38 28 44 31 11 12 8
38 28 44 31 11 12 13
38 28 44 31 11 12 14
38 28 44 31 11 12 15 20
38 28 44 31 11 12 15 10
38 28 44 31 11 12 16
38 28 44 31 11 12 17
38 28 44 31 11 19 8
38 28 44 31 11 19 13
38 28 44 31 11 19 14
38 28 44 31 11 19 15
38 28 44 31 11 19 16
38 28 44 31 11 19 17
38 28 44 31 11 21 8
38 28 44 31 11 21 13
38 28 44 31 11 21 14
38 28 44 31 11 21 15
38 28 44 31 11 21 16
38 28 44 31 11 21 17
38 28 44 31 18 8
38 28 44 31 18 13
38 28 44 31 18 14
38 28 44 31 18 15 10
38 28 44 31 18 15 20
38 28 44 31 18 16
38 28 44 31 18 17
38 28 44 32 11 12 8
38 28 44 32 11 12 13
38 28 44 32 11 12 14
38 28 44 32 11 12 15 20
38 28 44 32 11 12 15 10
38 28 44 32 11 12 16
38 28 44 32 11 12 17
38 28 44 32 11 19 8
38 28 44 32 11 19 13
38 28 44 32 11 19 14
38 28 44 32 11 19 15
38 28 44 32 11 19 16
38 28 44 32 11 19 17
38 28 44 32 11 21 8
38 28 44 32 11 21 13
38 28 44 32 11 21 14
38 28 44 32 11 21 15
38 28 44 32 11 21 16
38 28 44 32 11 21 17
38 28 44 32 18 8
38 28 44 32 18 13
38 28 44 32 18 14
38 28 44 32 18 15 10
38 28 44 32 18 15 20
38 28 44 32 18 16
38 28 44 32 18 17
27 42 29 30
27 42 29 31 11 12
27 42 29 31 11 19
27 42 29 31 11 21
27 42 29 31 18
27 42 29 36 18 33
27 42 29 36 11 34
27 42 29 36 11 35
27 42 29 36 11 33
27 42 29 36 18 34
27 42 29 36 18 35
27 42 29 37 11
27 42 29 37 18
38 42 29 31 11 12 8
38 42 29 31 11 12 13
38 42 29 31 11 12 14
38 42 29 31 11 12 15 20
38 42 29 31 11 12 15 10
38 42 29 31 11 12 16
38 42 29 31 11 12 17
38 42 29 31 11 19 8
38 42 29 31 11 19 13
38 42 29 31 11 19 14
38 42 29 31 11 19 15
38 42 29 31 11 19 16
38 42 29 31 11 19 17
38 42 29 31 11 21 8
38 42 29 31 11 21 13
38 42 29 31 11 21 14
38 42 29 31 11 21 15
38 42 29 31 11 21 16
38 42 29 31 11 21 17
38 42 29 31 18 8
38 42 29 31 18 13
38 42 29 31 18 14
38 42 29 31 18 15 10
38 42 29 31 18 15 20
38 42 29 31 18 16
38 42 29 31 18 17
38 42 29 39 31 11 12 8
38 42 29 39 31 11 12 13
38 42 29 39 31 11 12 14
38 42 29 39 31 11 12 15 20
38 42 29 39 31 11 12 15 10
38 42 29 39 31 11 12 16
38 42 29 39 31 11 12 17
38 40 42 29 39 31 11 12
38 40 42 29 39 31 11 19
38 40 42 29 39 31 11 21
38 40 42 29 39 31 18
38 42 29 39 31 11 19 8
38 42 29 39 31 11 19 13
38 42 29 39 31 11 19 14
38 42 29 39 31 11 19 15
38 42 29 39 31 11 19 16
38 42 29 39 31 11 19 17
38 42 29 39 31 11 21 8
38 42 29 39 31 11 21 13
38 42 29 39 31 11 21 14
38 42 29 39 31 11 21 15
38 42 29 39 31 11 21 16
38 42 29 39 31 11 21 17
38 42 29 39 31 18 8
38 42 29 39 31 18 13
38 42 29 39 31 18 14
38 42 29 39 31 18 15 10
38 42 29 39 31 18 15 20
38 42 29 39 31 18 16
38 42 29 39 31 18 17
27 42 44 45 30
27 42 44 45 31 11 12
27 42 44 45 31 11 19
27 42 44 45 31 11 21
27 42 44 45 31 18
27 42 44 45 36 18 33
27 42 44 45 36 11 34
27 42 44 45 36 11 35
27 42 44 45 36 11 33
27 42 44 45 36 18 34
27 42 44 45 36 18 35
27 42 44 45 37 11
27 42 44 45 37 18
38 42 44 45 31 11 12 8
38 42 44 45 31 11 12 13
38 42 44 45 31 11 12 14
38 42 44 45 31 11 12 15 20
38 42 44 45 31 11 12 15 10
38 42 44 45 31 11 12 16
38 42 44 45 31 11 12 17
38 42 44 45 31 11 19 8
38 42 44 45 31 11 19 13
38 42 44 45 31 11 19 14
38 42 44 45 31 11 19 15
38 42 44 45 31 11 19 16
38 42 44 45 31 11 19 17
38 42 44 45 31 11 21 8
38 42 44 45 31 11 21 13
38 42 44 45 31 11 21 14
38 42 44 45 31 11 21 15
38 42 44 45 31 11 21 16
38 42 44 45 31 11 21 17
38 42 44 45 31 18 8
38 42 44 45 31 18 13
38 42 44 45 31 18 14
38 42 44 45 31 18 15 10
38 42 44 45 31 18 15 20
38 42 44 45 31 18 16
38 42 44 45 31 18 17
27 42 49 30
27 42 49 31 11 12
27 42 49 31 11 19
27 42 49 31 11 21
27 42 49 31 18
27 42 49 36 18 33
27 42 49 36 11 34
27 42 49 36 11 35
27 42 49 36 11 33
27 42 49 36 18 34
27 42 49 36 18 35
27 42 49 37 11
27 42 49 37 18
38 42 49 31 11 12 8
38 42 49 31 11 12 13
38 42 49 31 11 12 14
38 42 49 31 11 12 15 20
38 42 49 31 11 12 15 10
38 42 49 31 11 12 16
38 42 49 31 11 12 17
38 42 49 31 11 19 8
38 42 49 31 11 19 13
38 42 49 31 11 19 14
38 42 49 31 11 19 15
38 42 49 31 11 19 16
38 42 49 31 11 19 17
38 42 49 31 11 21 8
38 42 49 31 11 21 13
38 42 49 31 11 21 14
38 42 49 31 11 21 15
38 42 49 31 11 21 16
38 42 49 31 11 21 17
38 42 49 31 18 8
38 42 49 31 18 13
38 42 49 31 18 14
38 42 49 31 18 15 10
38 42 49 31 18 15 20
38 42 49 31 18 16
38 42 49 31 18 17
9 11 12 22
9 20 11 23 8
9 20 11 23 13
9 20 11 23 14
9 20 11 23 15
9 20 11 23 16
9 20 11 23 17
27 43 44 45 30 56
7 13
41 43 29 31
9 20 11 21 8
9 20 11 21 13
9 20 11 21 14
9 20 11 21 15
9 20 11 21 16
9 20 11 21 17
57 58 11 12 8
57 58 11 12 13
57 58 11 12 14
57 58 11 12 15 20
57 58 11 12 15 10
57 58 11 12 16
57 58 11 12 17
57 58 11 19 8
57 58 11 19 13
57 58 11 19 14
57 58 11 19 15
57 58 11 19 16
57 58 11 19 17
57 58 11 21 8
57 58 11 21 13
57 58 11 21 14
57 58 11 21 15
57 58 11 21 16
57 58 11 21 17
57 58 18 8
57 58 18 13
57 58 18 14
57 58 18 15 10
57 58 18 15 20
57 58 18 16
57 58 18 17
41 43 49 31
7 14
9 11 23 8
9 11 23 13
9 11 23 14
9 11 23 15
9 11 23 16
9 11 23 17
7 17
7 15
51 5 11 12 8
51 5 11 12 13
51 5 11 12 14
51 5 11 12 15 20
51 5 11 12 15 10
51 5 11 12 16
51 5 11 12 17
51 5 11 19 8
51 5 11 19 13
51 5 11 19 14
51 5 11 19 15
51 5 11 19 16
51 5 11 19 17
51 5 11 21 8
51 5 11 21 13
51 5 11 21 14
51 5 11 21 15
51 5 11 21 16
51 5 11 21 17
51 5 18 8
51 5 18 13
51 5 18 14
51 5 18 15 10
51 5 18 15 20
51 5 18 16
51 5 18 17
24 59 60
24 59 61
24
27 43 44 30 56
24 59 62
27 42 44 45 30 56
9 10 11 23 22
51 24
57 63 8
57 63 13
57 63 14
57 63 15
57 63 16
57 63 17
57 64 8
57 64 13
57 64 14
57 64 15
57 64 16
57 64 17
51 9 11 21 8
51 9 11 21 13
51 9 11 21 14
51 9 11 21 15
51 9 11 21 16
51 9 11 21 17
51 9 18 8
51 9 18 13
51 9 18 14
51 9 18 15
51 9 18 16
51 9 18 17
24 65
57 63 19 8
57 63 19 15
51 5 11 12
51 5 18
51 5 11 21
51 5 11 19
41 43 44 31
7 16
27 42 44 30 56
24 59 66
27 42 29 30 56
24 59 67
9 10 11 12 54
9 10 11 23 17
51 9 11 12 8
51 9 11 12 13
51 9 11 12 14
51 9 11 12 15
51 9 11 12 16
51 9 11 12 17
9 10 11 23 8
9 10 11 23 13
9 10 11 23 14
9 10 11 23 15
9 10 11 23 16
51 9 11 19 8
51 9 11 19 13
51 9 11 19 14
51 9 11 19 15
51 9 11 19 16
51 9 11 19 17
51 9 8
51 9 13
51 9 14
51 9 15
51 9 16
51 9 17
9 11 21 8
9 11 21 13
9 11 21 14
9 11 21 15
9 11 21 16
9 11 21 17
57 68 8
57 68 15
9 20 11 19 55
57 63 11 12 8
57 63 11 12 13
57 63 11 12 14
57 63 11 12 15
57 63 11 12 16
57 63 11 12 17
57 63 18 8
57 63 18 13
57 63 18 14
57 63 18 15
57 63 18 16
57 63 18 17
57 68 13
57 68 14
57 68 16
57 68 17
51 5 8
51 5 13
51 5 14
51 5 15
51 5 16
51 5 17
51 9
57 64 12 8
57 64 12 13
57 64 12 14
57 64 12 15
57 64 12 16
57 64 12 17
57 64 19 8
57 64 19 13
57 64 19 14
57 64 19 15
57 64 19 16
57 64 19 17
57 64 21 8
57 64 21 13
57 64 21 14
57 64 21 15
57 64 21 16
57 64 21 17
57 63 11 19 8
57 63 11 19 13
57 63 11 19 14
57 63 11 19 15
57 63 11 19 16
57 63 11 19 17
57 63 11 21 8
57 63 11 21 13
57 63 11 21 14
57 63 11 21 15
57 63 11 21 16
57 63 11 21 17
24 48
27 43 29 30 56
27 42 49 30 56
0
51 9 11 13
51 9 11 14
51 9 11 15
51 9 11 16
51 9 11 17
9 20 18 54
